1000
97744
418702
552618
768215
494674
124650
534149
436360
253833
218595
104264
981072
175595
568191
436223
949601
363824
428875
494769
723102
444299
666521
701175
9306
387278
526582
285828
838844
288784
510772
614217
833880
880412
765143
877280
135916
840191
920540
42631
347218
382714
826799
890746
405461
62909
87633
518649
985848
422756
676682
448163
595739
340617
461877
32763
540346
552932
42328
256966
863102
903287
138024
258051
102926
504564
301073
999977
836794
843031
636895
889521
812896
281712
675664
336643
691142
420241
399927
72567
364910
674514
14008
388238
662301
796060
376352
935117
986389
520322
95320
698056
599391
698344
437162
729790
822321
639617
627945
508943
881158
302711
519974
238779
261099
313859
842207
787511
724190
724405
346677
296530
663937
290913
279074
348890
479088
224586
773187
32977
134546
808345
809140
164632
347837
785419
566296
594808
694626
955898
164138
46300
995894
222939
106516
822095
852140
704617
846974
901719
794879
535509
279039
754670
894163
823369
258003
287327
30790
381228
859147
433522
573449
788161
645268
579317
392201
239556
320591
975731
418597
788795
307571
189510
392578
585262
290749
526470
404208
997704
634879
11342
583923
790457
225456
394372
718167
531192
736689
758666
30255
382124
922691
187373
471134
576778
738644
609637
870806
343107
302347
412815
619718
271244
773819
649328
803566
492856
577588
340902
258418
254722
152099
752579
763119
868425
332145
116461
922928
166631
938856
813664
187546
382077
136214
849022
315589
915401
679823
218017
392196
162692
751147
687007
933068
547237
347329
258439
619975
573850
541260
919660
254817
748914
171221
71561
457696
774651
637058
636151
394164
236342
315332
596973
74323
869536
8818
184110
640882
879162
748200
169303
848249
317156
248275
824883
687867
393173
579213
653240
543099
818112
916404
538471
57429
994003
449481
731278
823838
129094
208525
904414
74536
459532
628522
190692
253360
267868
49117
334557
634528
126509
769540
747345
807840
323830
393996
414029
26569
450045
205128
815601
728247
907729
767848
329869
861398
266639
396636
763176
819333
436504
674444
831236
451575
917909
828627
608470
253950
192470
118277
443657
866873
260302
913755
25004
155154
96020
455353
398490
928191
605485
98464
514933
543374
441572
837798
716678
502715
230841
873287
43821
338189
670410
57162
509133
87584
702283
621396
453579
588151
833880
868279
881598
688988
228233
50795
533714
123494
106852
473305
52636
462429
310063
66624
500954
653145
950540
141148
744509
153839
990360
237333
964286
118986
363739
994351
302782
711488
288581
104104
292638
260765
696099
702468
731173
72847
73572
253118
200543
781549
537895
371460
722731
212994
989665
566483
736885
38746
68794
974133
576456
321318
177956
245564
270726
74206
900209
418356
728219
425437
724711
486003
426672
477189
321149
344277
964159
985064
245028
268115
208837
142760
840900
837186
425078
679026
833186
205360
716586
949571
846931
174071
962896
754044
373347
441581
980936
885172
746086
648597
522144
712693
549044
711768
992153
368704
423147
230540
822795
604654
134045
401818
834759
642879
444107
438593
782003
172678
561507
138166
634934
945535
40362
218268
614987
771035
869580
741649
94126
633117
411156
753131
33501
930014
237608
581382
100173
234750
556881
400049
121247
354021
701685
565915
204098
513677
429941
398968
958797
872270
941731
121961
341801
367851
83103
408264
148182
938060
437391
586240
725095
940223
773734
228951
114845
772679
503530
939395
859173
880180
856628
116483
304418
212266
765538
511329
983756
269896
125788
650302
166897
410279
7974
999328
924523
968127
647371
927889
519241
926278
461317
619707
70937
984943
220247
864003
44684
849989
563312
468090
418326
230295
701409
937030
126981
701064
140149
954388
796333
957672
974029
828517
751046
996244
114520
306560
196844
626250
20348
913906
571241
686201
397531
809601
900114
825460
395207
762628
618185
509739
254889
969071
517857
674611
637353
588620
717347
750711
366924
508184
133689
420308
528581
874100
697288
692743
311848
54505
872363
519088
352440
128073
53770
516505
946144
272876
194766
703826
547566
869858
426396
825047
445309
628274
24679
688829
554928
584015
334082
659652
277332
80595
270411
779325
167947
59069
560326
292195
821794
792348
998498
983785
756798
644790
545713
746583
999811
50414
127215
630981
525173
610798
373481
698208
139664
812099
880003
893448
805443
39690
934081
565133
59937
139153
226244
637911
964883
144321
61073
232541
445003
494012
999734
752193
271270
219147
385556
591641
482413
90330
841023
896982
197799
665745
668119
550816
489988
386762
857442
798782
112522
748307
971365
56110
841814
185434
891501
99122
569293
960793
423297
757966
268293
186413
351995
663716
573067
384378
796287
192503
681323
430604
535202
129661
730031
883633
886385
119651
528655
119661
698565
147359
111951
148473
825000
657727
928418
416352
56710
925773
969508
858113
72143
245634
457018
388363
754467
477515
791175
288237
324145
690050
62119
814196
114490
803311
212466
114232
478566
456162
992308
964728
534432
181821
191660
505772
611870
395345
78203
71120
57210
325140
401287
913671
611999
560681
243472
128809
413339
438438
182441
606436
76500
459371
923067
498165
782833
127781
144536
676634
640017
345990
757114
956116
824170
720010
490625
77349
713720
801189
561178
606468
621667
13913
788885
810723
758776
883606
425762
173133
200213
228623
608761
150918
912824
390857
665852
458299
899168
918300
393890
633579
179801
239198
300137
268967
513309
257393
44598
397556
227429
544072
171940
146797
664153
914639
880506
346250
114136
857348
219454
549267
461935
6178
815884
476073
569905
247651
349705
171353
294949
107086
401312
342419
751283
976825
812180
240677
157733
436362
290085
370126
312558
989835
420727
568182
299810
772065
185440
991803
492890
140190
644862
769988
281913
50911
480097
176804
883841
385144
666417
955303
164949
685254
479192
972359
766664
434698
333098
134006
738554
86281
802622
634919
685907
458174
812286
24579
12668
869206
459844
867101
88398
386564
523177
70113
133166
619076
472770
63552
894426
238766
36494
231623
14116
197793
566578
347346
542593
310077
291377
82296
837592
254321
421364
281603
851972
875220
516504
932014
847297
327189
840369
902782
648477
510882
474154
315267
507569
803604
142155
662503
181265
835944
550778
852824
185393
205146
128939
605862
434408
457463
854449
490482
685880
1646
659985
877986
995846
416585
979174
271994
377040
499497
168099
612578
289798
551041
261809
234497
308719
477889
85984
814418
841852
833392
668789
818618
416628
703278
332006
781989
937653
587904
687147
281090
224354
879083
433510
372461
555398
478583
737215
593425
462497
450099
123933
483392
548638
891863
174154
357309
946405
663353
473995
643825
346626
438001
837079
631539
901092
250156
437379
383178
634851
538074
389225
246816
313596
435259
752831
990639
925467
836280
195788
875576
503916
417500
342428
896393
292650
467960
238172
63992
282764
356151
485408
430060
391913
398732
