63
497
922
1432
2349
3492
5311
8532
8618
8687
9624
9886
11921
14265
14709
15319
15780
15813
17224
19880
20016
22420
23941
25311
27559
27696
27816
30430
30982
31038
31685
34019
34559
35536
38967
44798
45382
45716
45807
47711
48155
49080
51172
51924
52314
54449
55095
56277
56689
57924
58559
59901
60336
61994
62410
63235
64069
65638
65734
66031
67451
67824
67901
70271
71414
71671
73506
75129
75370
76397
77754
81043
81617
83880
84339
84936
85451
86250
86284
87347
87349
87742
87916
87974
88679
89216
89298
90261
90807
92985
94753
94915
95328
95442
95934
96836
96943
97413
98882
99333
100934
102348
103672
104319
104747
106084
106091
107943
111686
112193
112216
113399
114134
115441
115552
115996
116986
118219
119457
119590
120270
123091
123456
124815
125053
127177
128172
128649
131254
132259
132383
133441
133850
133984
134517
135088
136187
137010
138233
138653
139054
139899
140622
142242
145518
146133
147101
147128
147478
149741
150569
156314
156765
157052
157345
158103
158568
159164
159479
159677
159896
160769
160910
161435
161734
165134
165639
168292
168453
169700
170295
170827
170849
171018
171085
171334
171674
171830
172316
172412
174110
174833
177811
177844
177940
178821
180184
180998
181646
185117
185623
186077
188102
188922
190218
190566
190696
192545
193013
193772
195474
195871
197761
198855
199206
200162
200918
201729
202485
202855
203287
203736
204579
204773
205575
206162
206912
207053
207814
207946
208755
212825
213728
216580
217167
217202
217470
217807
218826
219011
219593
222294
222698
226156
227901
228013
228249
228787
229553
230849
232056
232238
233991
235155
236575
237997
240332
241417
242909
243419
244699
245276
246305
246697
246811
246818
248172
248292
248478
249953
250273
251846
252081
252183
253577
254023
254977
256324
259781
260669
260671
261421
261717
262182
262497
263947
264526
266677
268659
269337
269730
270064
270639
270954
271163
273423
277920
278795
278943
280735
280792
282634
282680
282836
285333
286157
286730
288091
289999
291867
292836
293324
294583
295028
296421
297447
298582
301079
301995
302811
305055
305189
306005
306123
306747
307681
308041
308888
310446
310578
311741
312747
312889
313583
314173
314390
314500
318730
319468
321902
322349
322457
323279
323402
323941
324177
324231
324431
325608
327048
327130
332842
334809
335244
336173
336259
336604
339987
340110
340597
341324
341423
342397
343508
344620
346449
347501
348154
350486
350655
350717
351224
351325
351346
352501
352685
352775
353777
354931
354950
355297
355472
355883
356688
357141
357889
358168
358599
359129
359782
360529
361080
362150
362553
362738
364254
364451
364702
364824
366351
367413
367735
368751
368790
369542
371735
372143
373239
373609
373653
374028
375939
376031
376226
376259
376379
376623
376949
377894
380154
381849
383989
384513
384783
384915
386418
389337
390296
390491
390662
392993
393287
395162
397559
399078
399715
401206
405631
405851
405889
407522
407984
408303
409191
409373
409760
409824
409942
410095
410526
412432
412530
412675
412752
413312
413694
414845
416914
417740
418188
418345
418663
419321
421429
426885
426974
427259
429924
430722
431088
432399
434450
435675
438511
438840
439427
439950
440879
443317
443946
444510
446595
446984
448115
448608
450957
452722
452970
453141
455094
455793
456864
461906
462669
463395
464017
464662
464811
465769
466032
466207
467360
467416
468511
469087
469334
470717
470801
470896
471236
471537
471874
472504
473955
474349
475756
475823
477436
477821
477951
478462
482848
483378
483424
484007
486029
486677
488089
488444
489421
490393
491115
491823
492796
493847
494126
495135
495465
497223
497279
497298
497931
498953
501008
501551
502462
504661
504827
505970
507684
508251
509535
510220
510449
510517
510526
510785
511195
512255
513442
515437
515647
516139
521351
521697
523160
524962
525657
525820
528751
529268
531741
532910
535060
535279
535297
535311
535980
536218
536388
539322
539852
540032
540817
540980
543420
543434
544038
544203
546345
547637
548979
554858
556035
557267
557360
557760
559600
562238
563690
563720
564772
565042
566580
566751
567315
567733
568542
569541
570084
571047
571449
574970
577915
578623
579375
579497
580075
582058
582693
583056
584056
586324
588216
589791
590643
594600
594676
595999
596096
597697
598172
598665
600342
601215
601281
601607
602498
603158
603892
607261
610002
613049
613289
613611
614871
616220
616410
618254
621767
622343
624276
624286
630840
631226
631827
635177
641357
643561
643807
645456
645488
647255
647475
649154
649948
652133
653952
657332
658089
662926
663858
664024
665615
667143
667443
668881
671883
671969
675143
675292
675726
676132
678425
678482
678584
679191
680642
680752
680982
683672
685113
685372
686669
687450
688408
689651
689803
692780
692957
694091
695369
697597
698700
699990
700300
700850
702490
702639
703726
703758
704714
704932
705497
705719
707540
707713
707734
707831
708126
708308
710039
712198
712868
712887
715274
718320
718731
719027
720687
721687
721858
722595
723537
726268
726287
726704
727128
729143
729509
729918
730486
732645
734078
735523
736280
736403
736468
738988
739660
739951
740180
740844
742179
742407
744063
744208
744749
746649
747264
748181
748563
750102
750200
751809
752452
754873
755452
756268
757809
758394
759387
760670
761353
763121
763467
769828
770058
770892
772066
772385
772423
773541
774672
774818
774937
779414
779444
781070
781936
782345
782587
783674
784295
785212
786456
787377
787587
787649
788065
789591
789692
791479
792707
794384
794672
795446
795561
796413
797192
799084
801780
802253
802350
802734
802772
805398
807622
808468
808768
809191
809676
809988
810089
810819
812354
812615
813576
813873
813973
815368
815871
816337
817361
817525
817536
819048
821960
821996
824807
825215
825233
828639
829511
830472
831445
832973
834827
836161
840392
841249
841325
842383
843917
844851
845017
845543
846252
848245
851177
851477
853425
853937
855994
857692
858283
858885
859850
859869
860138
860241
861649
862296
864065
865146
865159
865784
867152
868638
872183
872791
873155
873172
875330
877618
878790
878808
878920
879728
882513
883840
884600
884845
886422
887922
888404
892447
893746
894786
897960
899690
901986
902482
903189
905561
908353
909301
909974
911635
911702
912254
912704
915423
916313
916318
916511
916988
917217
917601
917848
919367
919923
920572
921707
922567
926236
928270
928746
928926
929417
929703
930740
931185
932586
934822
936400
936888
938021
940447
940700
940807
942136
942742
943653
944467
945981
946212
947269
947281
948005
948768
948823
949369
951151
951566
953393
953864
954992
955019
955946
956303
956340
956486
956707
958832
961548
964751
965335
966682
966779
967458
970346
970811
971324
972071
972245
973267
975857
976619
977260
977924
978445
978565
979595
980735
980738
981214
982732
983034
983389
983708
984676
984994
985708
988110
988706
989943
990999
991438
992091
992493
994362
995243
995512
995760
997208
998151
998779
999140
999627
